# https://fesmc.github.io/cryosphere-maps/
11111110010010001111101111111
10000010000100011100101000001
10111010110100111000001011101
10111010111101100111001011101
10111010110100101111101011101
10000010111110011100001000001
11111110101010101010101111111
00000000101010011001100000000
10111110011111100101001111100
10010001110100100011011110001
11001111111111011110010110000
00000100111100111001001101010
00001110110001010100010001100
11011001100011001001111110001
01101010000011110110101101100
10101101010110100010111010010
10100110000010011100100101100
11001000100101001101111110101
10110110111011111010000110100
10101100011111011000001110010
10110011100110110101111110111
00000000100100001110100011111
11111110011010010101101011100
10000010101000110001100010010
10111010100000000100111110111
10111010110100101000000001111
10111010100001110111011111110
10000010010110010001111001010
11111110110101011101000110100
